1 -76.36094 0.495 0.599 0.900 -41.6526 -77.7285 51.8436 -24.347 0.865328 1
2 -73.7318 1.430 1.218 0.900 -41.2946 -33.0431 59.7252 -31.8011 1.22362 1
3 -72.384921 1.474 1.848 0.767 -33.3998 -73.315 7.02479 -25.0246 2.05878 1
4 -79.62286 0.360 0.523 0.867 -38.9888 -86.0243 48.338 -28.263 0.6514 1
5 -65.42093 1.096 0.989 0.767 -34.095 -15.015 25.9467 -30.9176 1.01765 1
6 -64.33915 1.518 1.494 0.800 -31.8403 -42.3306 10.1427 -25.047 1.56427 1
7 -84.23103 0.000 0.000 1.000 -38.5064 -79.9485 13.2427 -31.0592 0.00000 1
8 -67.79995 1.189 0.931 0.900 -39.9837 -22.8089 63.2113 -29.5756 0.941257 1
9 -70.893748 0.157 0.384 0.900 -35.6918 -54.159 6.54452 -25.0246 0.390533 1
10 -72.75419 0.327 0.585 0.867 -36.1723 -66.6572 49.7975 -28.2302 0.598196 1
11 -60.08353 1.718 1.656 0.633 -29.4179 -23.7976 10.1259 -26.9187 1.71225 1
12 -72.82142 0.191 0.384 0.833 -38.8276 -25.2628 41.7414 -33.1154 0.493921 1
13 -71.35454 0.244 0.401 0.800 -39.428 -62.5046 47.1248 -24.1381 0.464943 1
14 -81.44132 1.209 1.115 0.900 -39.2123 -74.3408 17.6614 -29.127 1.21642 1
15 -70.57484 1.468 1.499 0.800 -38.3437 -73.8872 73.645 -24.8182 1.37025 1
16 -70.06698 1.058 1.229 0.733 -39.4359 -41.1592 89.5686 -31.3561 1.28094 1
17 -70.250237 1.507 2.067 0.767 -34.0678 -42.3682 8.65803 -28.5746 2.26487 1
18 -78.72287 0.297 0.573 0.900 -41.0306 -66.9929 51.3321 -29.4269 0.730033 1
19 -70.60073 0.251 0.427 0.833 -35.495 -69.8577 50.3461 -26.1688 0.472369 1
20 -70.84556 0.329 0.625 0.900 -39.1887 -43.1283 49.492 -27.9804 0.680711 1
21 -70.938476 1.128 1.267 0.767 -38.4104 1.17857 21.7081 -34.9346 1.3097 1
22 -70.88779 0.277 1.004 0.800 -35.7284 -78.3977 49.0165 -24.3815 0.607036 1
23 -78.95274 0.445 0.494 0.833 -38.9614 -86.7732 50.955 -27.7322 0.509047 1
24 -67.1794 0.368 0.520 0.767 -36.597 -23.191 37.866 -29.7308 0.459955 1
25 -68.96289 1.470 1.565 0.833 -38.0087 -46.6042 11.9015 -22.8235 1.4161 1
26 -71.94489 1.507 1.189 0.900 -37.6839 -68.0009 37.5799 -24.4188 1.22919 1
27 -70.233137 1.918 1.930 0.833 -41.1513 -34.1655 9.14963 -23.1637 1.88949 1
28 -67.57825 1.234 1.534 0.800 -36.5394 -59.2564 34.2393 -22.6115 1.63685 1
29 -59.37557 1.219 1.792 0.700 -30.0857 -68.1052 52.2337 -20.8922 1.64574 1
30 -72.96067 0.345 0.558 0.867 -39.9345 -72.6344 54.4311 -23.9424 0.778782 1
31 -75.743532 0.865 0.884 0.900 -35.005 -66.4216 8.52288 -28.3065 0.922049 1
32 -67.8551 0.877 0.837 0.900 -41.25 -55.4439 81.2568 -23.642 0.977425 1
33 -67.63976 1.723 1.644 0.767 -40.3138 -33.6928 38.053 -24.3927 1.57212 1
34 -71.363835 1.370 1.439 0.667 -34.3322 -36.9945 8.61765 -30.4945 1.45159 1
35 -73.81231 0.197 0.504 0.833 -37.1673 -81.4185 47.2129 -25.0826 0.581657 1
36 -62.337369 1.416 2.188 0.633 -27.0393 -32.096 6.33531 -29.5124 2.44012 1
37 -70.53824 0.440 0.677 0.867 -33.6965 -53.4984 10.4714 -27.1892 0.631091 1
38 -66.11522 0.427 0.580 0.800 -35.2579 -46.6624 48.2576 -26.3506 0.674178 1
39 -69.25564 1.253 2.086 0.700 -27.0585 -91.55 11.9436 -25.0815 2.25763 1
40 -69.17633 0.496 1.072 0.800 -39.7995 -26.3274 51.7175 -29.2831 0.839706 1
41 -70.882073 0.965 0.758 0.867 -32.0116 -36.1856 9.70047 -32.6034 0.726209 1
42 -72.17567 0.233 0.415 0.800 -36.8815 -74.8511 55.3985 -25.8638 0.615905 1
43 -75.94366 0.354 0.548 0.833 -38.6603 -44.6689 38.2632 -32.1759 0.550771 1
44 -66.79984 0.334 0.449 0.867 -33.6561 -59.7733 42.1282 -25.4019 0.458783 1
45 -68.294263 1.351 1.626 0.767 -30.3017 -74.421 8.01137 -23.9095 1.71354 1
46 -77.27867 0.900 1.123 0.833 -36.6037 -35.6517 39.6777 -37.5124 0.7291 1
47 -68.482403 0.238 1.042 0.800 -33.7967 -55.7817 9.79837 -24.5092 0.68765 1
48 -60.43957 1.096 1.417 0.733 -36.0078 -43.9691 93.5965 -24.9976 1.11554 1
49 -73.62853 0.735 0.616 0.800 -34.0193 -78.7469 50.7335 -28.9332 0.709839 1
50 -71.74384 0.500 0.607 0.867 -37.7982 -40.7781 42.5168 -30.0417 0.561086 1
51 -63.06806 1.129 0.929 0.867 -37.5828 -43.3938 114.806 -28.2871 1.01944 1
52 -68.427333 1.350 1.391 0.733 -33.8386 -45.0119 7.41347 -26.3277 1.49701 1
53 -76.53754 1.486 1.970 0.767 -34.1109 -89.069 10.3156 -25.6444 2.09877 1
54 -74.2224 1.204 1.392 0.900 -38.9403 -38.4147 38.8544 -31.4846 1.03951 1
55 -60.5947 1.221 1.215 0.800 -38.2959 -36.0355 114.6 -26.5517 1.17219 1
56 -74.47137 1.282 1.138 0.833 -41.9498 -58.5849 77.9801 -28.6026 1.18738 1
57 -71.83822 0.302 0.466 0.833 -36.428 -64.2877 54.6252 -28.0152 0.602945 1
58 -64.673626 1.233 1.282 0.767 -32.6852 -52.6657 7.84314 -22.2396 1.29006 1
59 -71.78158 0.557 0.539 0.767 -33.2677 -57.2766 53.4984 -32.4084 0.694789 1
60 -74.31356 0.417 0.715 0.867 -41.4285 -45.2539 49.6912 -28.8034 0.798183 1
61 -73.76017 1.196 0.880 0.900 -39.2231 -31.3643 38.9419 -32.1584 0.96146 1
62 -71.54357 0.340 0.528 0.867 -36.0446 -61.897 52.2653 -28.3461 0.703606 1
63 -66.08014 1.223 1.037 0.867 -38.9286 -43.8864 83.1574 -26.69 1.03776 1
64 -59.012698 1.058 1.262 0.733 -26.1576 -44.0837 6.56742 -24.6951 1.2915 1
65 -78.382174 1.341 1.368 0.900 -41.0333 -52.8837 6.28666 -27.4008 1.45512 1
66 -76.79986 0.356 0.657 0.833 -41.3982 -61.3346 51.7146 -28.3062 0.818346 1
67 -73.32264 1.365 1.536 0.833 -36.9242 -60.5348 38.8742 -28.1789 1.27409 1
68 -76.80415 0.370 0.451 0.933 -37.9457 -73.4293 49.4061 -29.1132 0.597541 1
69 -79.37038 0.482 0.889 0.833 -40.5745 -71.9773 49.9508 -29.3955 0.797818 1
70 -77.60297 1.696 1.781 0.833 -40.8627 -51.6945 10.2603 -27.4274 1.45674 1
71 -70.13616 0.876 0.725 0.933 -38.8688 -24.0317 59.8868 -32.4497 0.725316 1
72 -76.12493 0.827 0.691 0.867 -38.7509 -58.4104 37.1395 -29.4059 0.721128 1
73 -67.30136 0.661 0.624 0.933 -37.0381 -20.2224 51.0212 -31.3209 0.595085 1
74 -80.42474 0.432 1.018 0.967 -36.986 -70.7788 15.1602 -30.799 0.50476 1
75 -82.76791 0.209 0.539 0.900 -44.0108 -54.2067 52.8483 -33.2006 0.713658 1
76 -64.68169 0.248 0.481 0.733 -34.3757 -51.1957 55.5165 -25.6185 0.652273 1
77 -75.73546 0.708 0.782 0.867 -40.772 -67.9838 64.315 -27.7982 0.608223 1
78 -75.50496 1.662 1.591 0.800 -37.5562 -105.159 36.1064 -20.5276 1.526 1
79 -56.28449 1.232 1.701 0.733 -33.639 -23.9888 71.0677 -24.9545 1.81074 1
80 -76.49406 1.200 1.246 0.833 -42.3039 -42.0085 25.3314 -28.3216 1.30808 1
81 -72.87835 0.358 0.408 0.867 -40.6506 -29.0495 46.2385 -31.0417 0.553962 1
82 -72.30093 0.347 0.548 0.833 -38.1335 -56.1676 51.7059 -28.1045 0.499186 1
83 -66.95419 0.512 0.567 0.833 -30.8123 -50.4182 12.4295 -27.3012 0.462185 1
84 -69.6203 1.287 1.133 0.733 -40.6493 -21.3164 11.7308 -25.8808 1.19267 1
85 -68.19615 0.143 0.388 0.767 -34.6381 -44.9382 76.6949 -32.2399 0.346954 1
86 -66.30069 0.990 0.980 0.800 -32.2352 -48.9208 35.1687 -27.7982 0.964017 1
87 -74.8155 0.654 0.692 0.900 -39.511 -77.522 47.298 -24.5299 0.751333 1
88 -79.773564 1.505 1.571 0.767 -35.1211 -77.5248 8.32496 -29.98 1.56903 1
89 -73.66099 1.239 1.053 0.800 -37.316 -60.5322 11.7855 -25.4171 1.16283 1
90 -69.48428 0.426 0.604 0.900 -40.2221 -31.5596 49.6564 -27.9159 0.953141 1
91 -65.44816 0.316 0.605 0.767 -38.574 -42.01 54.0984 -23.882 0.727539 1
92 -71.39307 1.141 1.054 0.933 -37.4931 -45.0998 10.6929 -25.9493 1.10878 1
93 -75.42171 1.556 1.512 0.667 -38.4259 -25.4359 37.7337 -35.682 1.61193 1
94 -65.43502 1.595 2.441 0.733 -32.9015 -64.0619 51.9676 -24.9179 2.62938 1
95 -53.91311 1.247 1.865 0.700 -29.8219 -19.9551 29.6781 -23.068 1.95011 1
96 -76.02703 0.209 0.395 0.800 -39.9388 -76.328 49.6847 -25.7911 0.4916 1
97 -68.97024 0.248 0.624 0.900 -37.3064 -62.1958 47.9522 -24.0199 0.481597 1
98 -61.597372 1.559 2.453 0.700 -25.5656 -73.1328 4.48788 -21.854 2.56934 1
99 -74.84222 0.732 0.637 0.867 -39.182 -29.2082 39.3232 -33.7509 0.619244 1
100 -66.56104 1.100 1.500 0.767 -33.2082 -59.4643 42.9082 -25.7508 1.58355 1
101 -64.07408 1.184 1.065 0.767 -38.4921 -64.0634 114.091 -24.1784 1.20003 1
102 -83.66563 0.395 0.509 0.900 -41.8784 -101.046 49.8867 -26.5667 0.627125 1
103 -74.27168 0.860 0.888 0.933 -37.9337 -68.2237 83.0396 -30.9972 0.843886 1
104 -57.33028 1.312 1.458 0.700 -35.6681 -20.9976 75.7314 -25.0358 1.20649 1
105 -73.2104 1.505 1.201 1.000 -32.2499 -75.0064 48.4068 -30.7999 1.23871 1
106 -71.27975 1.515 1.416 0.800 -33.8933 -73.9662 11.0669 -23.6999 1.39485 1
107 -78.422459 1.386 2.339 0.733 -33.3994 -96.9006 6.82161 -26.3251 2.57302 1
108 -63.68231 1.507 2.411 0.700 -29.8192 -34.2511 5.7471 -27.5876 2.61648 1
109 -78.63926 0.954 1.231 0.767 -37.7415 -69.4485 40.1874 -31.0268 0.737583 1
110 -78.205525 0.324 0.396 0.933 -36.2487 -69.3056 9.27995 -29.0237 0.30221 1
111 -68.25794 0.303 0.599 0.800 -36.8723 -37.617 52.0016 -29.0624 0.662735 1
112 -73.52674 0.171 0.445 0.800 -39.8071 -65.1276 48.5378 -25.5479 0.579196 1
113 -71.89549 1.140 0.873 0.900 -40.5671 -41.9503 44.3477 -27.3731 0.958969 1
114 -76.31984 0.854 0.855 0.833 -37.4868 -47.9787 12.379 -30.4752 0.754197 1
115 -72.613957 1.039 0.897 0.833 -35.896 -35.2006 9.18863 -30.5967 0.958785 1
116 -68.78176 1.319 1.132 0.833 -35.673 -44.8348 45.602 -28.702 1.15988 1
117 -63.642595 1.163 1.036 0.700 -35.8477 -14.8045 8.45305 -25.6793 1.07935 1
118 -65.85998 1.238 1.189 0.867 -35.162 -45.8361 11.1454 -22.6453 1.28338 1
119 -72.40709 1.364 1.277 0.833 -36.3277 -44.0007 18.3385 -29.1131 1.30631 1
120 -69.11677 0.265 0.991 0.767 -35.7095 -77.229 55.2993 -23.4914 0.592014 1
121 -77.92856 1.179 1.012 0.833 -35.8987 -78.927 8.3964 -27.0841 1.10421 1
122 -69.43245 0.237 0.486 0.833 -39.002 -38.0825 50.4615 -27.8601 0.458919 1
123 -74.55638 1.304 1.126 0.900 -34.8397 -68.6877 33.7996 -29.3591 1.16557 1
124 -70.86038 1.222 1.102 0.867 -37.6763 -49.2489 32.576 -26.5919 1.21465 1
125 -75.58021 0.593 0.480 0.967 -40.2358 -58.2814 15.2827 -25.2164 0.528684 1
126 -76.23825 0.520 0.614 0.800 -40.3004 -57.9 53.2655 -29.6844 0.728526 1
127 -76.64913 1.264 1.391 0.867 -31.8121 -98.1048 13.1123 -26.5273 1.48936 1
128 -69.62568 1.355 1.321 0.833 -34.757 -62.228 28.4652 -25.2696 1.39828 1
129 -74.62567 1.718 1.563 0.867 -42.8358 -22.3777 44.3087 -31.7452 1.4264 1
130 -81.844681 0.967 1.260 0.800 -36.3082 -94.573 8.18819 -27.4407 1.40245 1
131 -58.91665 1.440 2.371 0.633 -27.8297 -33.3757 11.9259 -25.6044 2.56629 1
132 -69.43378 1.387 2.203 0.733 -33.4726 -83.5195 44.8712 -23.7444 2.38439 1
133 -80.67032 0.304 0.592 0.867 -42.1511 -63.5412 54.5382 -31.2648 0.666254 1
134 -61.19532 0.859 0.946 0.833 -37.0086 -33.1089 89.8056 -26.5455 0.973269 1
135 -64.50865 1.409 1.691 0.800 -33.4716 -47.3857 42.2859 -25.7885 1.54299 1
136 -62.3538 0.894 0.979 0.800 -31.3634 -44.4297 45.2304 -26.6275 0.980852 1
137 -67.69358 1.247 1.711 0.800 -34.6397 -34.4702 9.0856 -27.0684 1.57924 1
138 -73.25226 0.588 0.559 0.900 -37.0946 -70.6174 36.4292 -25.6771 0.56251 1
139 -66.35713 0.160 0.523 0.767 -36.7741 -45.4561 49.6669 -25.4585 0.478666 1
140 -73.20189 1.475 1.744 0.767 -37.8627 -55.5113 14.5157 -25.6885 1.94386 1
141 -73.93757 1.245 1.472 0.867 -40.3326 -38.6009 28.8851 -28.7733 1.21585 1
142 -80.456906 0.166 0.367 0.900 -38.8118 -67.6383 9.73054 -29.0905 0.389156 1
143 -68.43269 0.140 0.439 0.867 -36.8958 -36.5185 53.8691 -29.6201 0.635988 1
144 -79.38549 0.816 1.138 0.900 -38.2848 -77.8578 18.5027 -27.3794 0.671509 1
145 -74.24264 0.280 0.306 0.867 -34.1327 -31.1264 11.4244 -35.0271 0.229055 1
146 -71.02052 1.845 1.830 0.833 -40.252 -47.0507 34.7402 -24.8324 1.75222 1
147 -79.146174 0.198 0.957 0.867 -39.6507 -67.188 8.43026 -26.9009 0.37835 1
148 -71.423794 1.516 1.149 0.867 -43.3784 -4.01472 45.7835 -31.8208 1.17259 1
149 -80.462199 1.038 1.591 0.700 -36.0018 -94.0333 7.54661 -26.4084 1.35677 1
150 -65.75908 1.234 1.015 0.833 -41.0742 -30.4634 110.703 -29.6625 1.0727 1
151 -72.565436 1.300 1.364 0.867 -35.0071 -50.9264 7.40244 -28.1133 1.40468 1
152 -68.39648 0.449 0.481 0.833 -36.6612 -38.9822 51.3976 -29.0786 0.674313 1
153 -67.58469 0.405 0.973 0.800 -34.2248 -62.1118 45.3847 -25.476 0.630928 1
154 -76.58435 1.562 1.540 0.733 -37.1788 -60.0737 44.4459 -31.8354 1.6538 1
155 -65.12053 1.354 1.590 0.600 -31.7874 -81.7496 81.5899 -25.1422 1.69519 1
156 -80.67109 0.722 0.603 0.867 -39.4313 -53.5843 42.8157 -34.8045 0.692434 1
157 -70.64077 0.364 0.452 0.800 -33.3546 -65.5955 13.7843 -25.5455 0.323327 1
158 -75.24876 0.128 0.377 0.933 -43.2042 -26.5144 14.7882 -28.2205 0.539634 1
159 -72.36447 1.718 1.595 0.900 -40.0651 -60.2942 71.9297 -27.4335 1.46427 1
160 -76.91338 1.381 1.187 0.833 -39.8543 -33.0475 39.4602 -34.3956 1.27394 1
161 -66.59598 0.728 1.018 0.833 -34.1995 -73.7842 82.8496 -25.9246 0.956611 1
162 -67.19358 1.010 0.972 0.800 -38.3544 -74.6794 104.799 -24.3832 0.936024 1
163 -83.630385 0.319 1.024 0.933 -37.6433 -78.5969 6.91695 -30.9594 0.441103 1
164 -80.14054 1.480 1.606 0.800 -38.5628 -65.6942 40.72 -32.5109 1.75475 1
165 -74.806156 1.445 1.446 0.867 -37.1117 -53.7021 5.09164 -27.4632 1.46723 1
166 -81.82969 1.019 0.911 0.867 -39.4743 -72.4622 12.2185 -29.0848 0.947124 1
167 -74.076573 1.321 1.529 0.800 -37.1936 -36.273 5.76227 -30.2046 1.60435 1
168 -74.42102 0.446 0.476 0.833 -36.965 -75.9543 47.2414 -26.9893 0.586973 1
169 -74.28006 1.229 1.310 0.867 -38.4562 -47.547 38.1144 -30.1259 1.19083 1
170 -70.70264 0.286 0.487 0.867 -37.2398 -63.0327 53.259 -26.1822 0.52013 1
171 -74.98393 1.091 0.922 0.900 -38.2359 -29.9344 39.3055 -34.6917 0.950144 1
172 -73.114988 1.374 1.341 0.867 -36.1771 -62.0693 9.53572 -25.4776 1.3304 1
173 -70.89667 0.466 0.536 0.767 -35.9865 -31.4957 45.4567 -33.1567 0.566245 1
174 -70.261259 1.424 1.202 0.767 -37.2403 -26.5811 8.73161 -28.5779 1.27182 1
175 -74.66149 1.282 1.149 0.900 -34.5756 -66.2746 15.1423 -28.3452 1.13342 1
176 -62.52316 1.102 1.773 0.767 -32.8896 -38.4297 37.3418 -25.6818 1.92655 1
177 -78.74418 1.369 1.067 0.900 -43.7199 -47.1587 40.5156 -29.6441 1.13279 1
178 -66.23222 0.570 0.684 0.733 -35.2898 -58.4328 50.2344 -24.2793 0.670728 1
179 -72.91704 0.258 0.543 0.800 -41.3567 -60.1359 52.6864 -24.8018 0.608239 1
180 -71.68479 1.662 1.515 0.767 -36.1562 -37.3704 14.7119 -29.5257 1.55066 1
181 -77.77552 1.294 1.134 0.967 -35.9994 -71.597 15.5408 -29.0108 1.17165 1
182 -64.07514 1.399 1.099 0.833 -39.6504 -23.4902 75.836 -27.3103 1.11661 1
183 -68.55352 0.220 0.439 0.867 -38.8779 -33.7991 44.483 -27.3641 0.351648 1
184 -68.59193 0.997 1.259 0.800 -30.3377 -86.0716 79.8599 -29.0259 0.911848 1
185 -81.73647 0.355 0.477 0.867 -40.7172 -97.7247 49.5417 -26.4285 0.509694 1
186 -69.698851 1.748 1.849 0.800 -36.1192 -21.9761 9.58269 -30.1427 1.75904 1
187 -78.0003 0.433 0.463 0.933 -36.4349 -61.1184 35.6408 -32.9058 0.468052 1
188 -73.48558 1.345 1.140 0.867 -33.1558 -64.656 18.9732 -29.2959 1.23076 1
189 -71.50127 0.770 0.775 0.800 -36.1642 -41.7175 45.5283 -31.5464 0.802816 1
190 -65.217937 1.433 1.503 0.800 -41.3547 -9.59247 8.18957 -22.7637 1.65046 1
191 -71.73285 0.734 0.603 0.767 -33.0011 -57.2324 13.3033 -28.6156 0.57749 1
192 -68.57335 0.162 0.492 0.767 -39.6836 -38.9029 52.5993 -26.3691 0.657997 1
193 -65.82487 0.269 0.387 0.800 -31.6476 -34.9091 10.9595 -28.2914 0.368195 1
194 -71.70981 1.508 1.425 0.800 -37.3676 -53.6896 39.5901 -27.5633 1.53518 1
195 -58.97013 0.476 1.032 0.733 -32.9139 -37.3369 51.1625 -23.7051 0.609644 1
196 -74.75487 0.450 0.500 0.967 -34.8559 -88.9721 43.8135 -26.4859 0.417432 1
197 -70.52262 0.622 0.598 0.800 -34.6611 -52.8706 20.681 -27.3555 0.545774 1
198 -66.12338 1.289 1.156 0.700 -35.9596 -26.7388 15.2778 -26.3438 1.27421 1
199 -68.69052 0.522 0.620 0.900 -35.2889 -32.6516 45.365 -31.4078 0.503594 1
200 -74.01534 0.627 0.639 0.900 -36.2249 -78.7511 55.5418 -27.5944 0.81687 1
