1 -68.01107 0.751 1.089 0.913 -34.1031 -80.6353 43.3969 -22.1206 1.20377 1
2 -79.55732 0.081 0.903 1.000 -37.7949 -69.8939 39.0816 -31.6918 0.507838 1
3 -61.46568 0.275 0.538 0.826 -31.279 -50.3831 36.5114 -23.7612 0.690347 1
4 -71.30788 0.637 1.152 0.826 -38.1289 -59.3138 41.7328 -25.4895 1.13237 1
5 -69.51075 0.700 1.086 0.957 -28.8552 -108.946 44.5965 -23.326 1.19491 1
6 -72.53314 0.159 0.504 0.913 -34.6833 -83.6625 35.2546 -24.6428 0.699979 1
7 -74.84614 0.716 1.125 0.957 -39.6994 -68.7396 44.5858 -25.8574 1.17103 1
8 -64.14364 0.140 0.581 0.783 -30.2029 -63.597 34.9586 -24.7172 0.713222 1
9 -71.94694 0.316 0.678 0.826 -33.3401 -83.2397 45.812 -26.5401 0.7376 1
10 -74.54982 0.882 1.299 0.870 -38.4869 -62.8613 42.0834 -27.699 1.26344 1
11 -72.47697 0.442 0.661 0.957 -36.7466 -77.2475 36.3783 -23.9187 0.744008 1
12 -65.88424 0.224 0.844 0.870 -33.4214 -49.3552 44.323 -27.0241 0.867362 1
13 -74.76286 0.233 0.679 0.913 -36.8098 -81.0042 43.1378 -26.066 0.884207 1
14 -76.29454 0.329 0.940 0.957 -41.3821 -76.0886 43.2168 -24.0164 0.970002 1
15 -63.67253 0.462 0.620 0.957 -34.9455 -48.6167 43.2791 -23.3316 0.549155 1
16 -72.78277 0.681 1.000 0.826 -37.0177 -62.1269 41.3681 -27.4765 1.06176 1
17 -80.22494 0.398 0.525 0.957 -42.2848 -89.7289 39.6254 -23.9569 0.762256 1
18 -74.18333 0.340 0.761 0.957 -40.0413 -71.0185 43.0937 -24.2477 0.962684 1
19 -79.31446 0.806 1.139 0.913 -40.658 -89.0741 41.3446 -24.9761 1.18439 1
20 -73.02367 0.433 1.082 0.957 -35.1672 -75.9669 44.9581 -27.1589 1.14809 1
21 -67.95198 0.368 0.683 0.783 -35.0022 -62.6361 39.3034 -24.3529 0.823856 1
22 -67.39736 0.287 0.792 0.913 -34.8299 -54.4714 40.7382 -25.747 0.898791 1
23 -66.99303 0.234 0.733 0.913 -32.9522 -84.1165 43.7367 -21.5912 0.841688 1
24 -68.53611 0.768 1.046 0.826 -34.5638 -69.2222 37.3533 -23.8632 1.02622 1
25 -74.92946 0.604 1.056 0.957 -40.6117 -68.5604 43.0472 -24.9104 1.11582 1
26 -74.85307 0.473 0.596 0.957 -37.0102 -67.3378 40.7259 -28.4479 0.579383 1
27 -66.81551 0.410 0.733 0.957 -34.0442 -73.1081 42.8431 -22.434 0.854981 1
28 -76.76877 0.488 0.784 0.957 -36.7844 -87.9818 29.4929 -25.3373 0.80041 1
29 -68.99503 0.365 0.889 0.957 -35.2323 -79.8641 44.7529 -22.2652 1.02107 1
30 -81.45911 0.759 1.063 0.957 -39.7287 -97.1238 45.6365 -26.8693 1.11875 1
31 -66.88175 0.500 0.897 0.826 -32.0722 -74.6942 43.1139 -24.1821 0.926495 1
32 -73.92607 0.172 0.974 0.826 -40.6036 -58.6015 41.4953 -25.7517 1.02781 1
33 -74.15415 0.822 0.986 0.913 -37.9674 -68.14 44.9985 -27.0586 1.02311 1
34 -66.03105 0.232 0.563 0.826 -33.4352 -70.7313 40.5731 -22.5069 0.710927 1
35 -71.44785 0.212 0.907 1.000 -34.6371 -81.0893 44.0601 -24.9989 0.930129 1
36 -70.26219 0.128 0.655 0.870 -36.5013 -59.1719 33.0489 -25.2314 0.770689 1
37 -63.70925 0.339 0.666 0.870 -32.557 -64.8534 41.3183 -22.3134 0.782928 1
38 -71.4867 0.295 0.954 0.913 -35.673 -87.76 44.925 -22.7542 0.900042 1
39 -76.14864 0.396 0.719 0.913 -38.6043 -84.1482 45.503 -25.265 0.769683 1
40 -62.69752 0.850 0.845 0.913 -33.0635 -39.9966 41.817 -25.8164 0.664868 1
41 -67.44849 0.336 0.468 0.957 -36.6599 -57.8754 38.0329 -23.0168 0.620945 1
42 -61.2271 0.775 1.089 0.957 -29.9139 -92.2439 41.8858 -17.053 1.02708 1
43 -71.41795 0.545 0.871 1.000 -32.6373 -121.108 40.6135 -18.6204 1.01599 1
44 -64.76581 0.684 0.942 0.826 -28.7136 -71.8188 37.2385 -25.4123 0.910577 1
45 -66.44835 0.147 0.742 0.957 -34.0372 -72.5107 45.4779 -22.4568 0.778543 1
46 -72.64951 0.636 0.939 0.913 -37.6737 -78.8617 44.9523 -23.6987 1.14746 1
47 -60.28495 0.689 0.977 0.913 -30.7473 -51.4966 38.1737 -23.0557 0.884902 1
48 -68.20733 0.686 0.704 0.957 -32.9037 -81.2183 41.0543 -23.1654 0.640627 1
49 -81.05342 0.696 1.072 0.957 -40.6118 -105.497 40.9598 -23.4382 1.081 1
50 -77.76424 0.248 0.710 1.000 -40.7369 -95.9325 43.7036 -22.2112 0.978267 1
51 -70.79837 0.198 0.920 0.957 -34.8676 -89.4681 40.4795 -22.0851 0.929119 1
52 -66.57577 0.766 1.151 0.913 -30.8459 -93.3268 45.7529 -21.6398 1.11701 1
53 -75.59223 0.176 0.705 0.913 -36.4892 -74.5017 43.7981 -28.5825 0.836449 1
54 -63.31264 0.456 0.871 0.913 -31.3458 -28.1246 38.0918 -30.1511 0.718562 1
55 -80.43015 0.213 0.494 0.957 -41.5315 -102.968 38.4895 -22.154 0.649401 1
56 -71.66161 0.761 1.268 0.870 -32.9845 -73.7396 38.1511 -27.7443 1.08969 1
57 -65.46112 0.443 0.879 0.826 -30.6786 -68.9349 36.8086 -24.6764 0.986283 1
58 -74.07087 0.515 0.967 0.957 -38.2024 -60.9322 42.4067 -27.9227 1.04281 1
59 -70.95269 0.257 1.045 0.913 -31.6396 -89.2613 42.9407 -25.7549 0.913189 1
60 -74.197 1.007 1.470 0.957 -39.8932 -54.4779 45.6208 -27.9703 1.48616 1
61 -75.11505 0.574 0.661 1.000 -37.9989 -84.5157 43.6169 -24.5747 0.71298 1
62 -76.64842 0.195 0.574 1.000 -39.8353 -87.0035 44.4108 -23.8535 0.852013 1
63 -69.98877 0.428 0.574 0.913 -32.5136 -94.3344 33.2701 -21.9353 0.411505 1
64 -77.10376 0.150 0.948 0.957 -39.6182 -98.7131 43.3826 -22.0812 0.915155 1
65 -68.46278 0.338 0.825 0.870 -35.2365 -72.92 41.0872 -22.751 0.854447 1
66 -74.64706 0.519 0.819 0.913 -37.8879 -80.2885 42.9884 -25.0003 1.0239 1
67 -66.6557 0.305 0.911 0.739 -30.1678 -76.6054 44.0428 -25.5711 0.93001 1
68 -62.20277 0.261 1.239 0.913 -33.2291 -37.6377 43.0897 -25.7551 1.11235 1
69 -71.42973 0.922 1.140 0.913 -37.4252 -68.2292 43.0971 -24.6684 1.24665 1
70 -81.73906 0.000 0.000 1.000 -40.5165 -95.8513 40.632 -26.1155 0.00000 1
71 -74.93251 0.376 0.975 0.957 -36.2307 -115.607 41.8989 -19.7703 0.938718 1
72 -75.60699 0.554 0.988 0.826 -38.9794 -47.4032 42.4505 -31.392 1.00199 1
73 -71.51733 0.245 0.657 0.826 -37.2658 -70.4664 42.1035 -24.3686 0.813723 1
74 -71.04088 0.426 0.737 0.957 -36.7155 -77.2591 44.4584 -23.3194 0.707284 1
75 -79.6921 0.303 0.714 1.000 -40.9047 -96.7293 40.2596 -23.4675 0.827117 1
76 -71.6269 0.122 0.836 0.826 -35.0557 -71.3606 29.2912 -25.2282 0.55286 1
77 -78.6633 0.546 1.148 0.913 -42.5328 -60.0263 43.5626 -28.4815 1.14456 1
78 -67.93219 0.907 1.198 0.826 -35.0916 -59.7096 45.3933 -25.438 1.29861 1
79 -71.72669 0.176 0.963 1.000 -36.1422 -72.1766 40.8133 -25.2305 1.06789 1
80 -66.56021 0.725 1.108 0.870 -33.0538 -56.8275 44.9499 -26.6359 1.21832 1
81 -75.17011 0.275 0.631 0.957 -38.5483 -94.4971 45.6961 -22.292 0.706786 1
82 -68.47008 0.282 0.727 0.783 -34.871 -37.6921 44.6424 -30.5249 0.858935 1
83 -68.80872 0.341 1.004 0.913 -32.4935 -83.068 38.6698 -23.5686 0.760135 1
84 -73.13525 0.389 1.194 0.913 -37.0786 -79.4488 44.8111 -24.648 1.26043 1
85 -63.5999 0.690 1.333 0.696 -29.592 -43.9347 36.9894 -28.9199 1.22513 1
86 -69.94873 0.438 0.696 0.957 -35.3952 -66.5222 40.7371 -25.3228 0.65553 1
87 -68.23742 0.343 1.053 0.913 -35.8766 -68.7072 44.0942 -23.0288 1.24067 1
88 -69.43689 0.802 0.964 0.826 -33.7551 -73.911 41.7411 -25.0737 0.981336 1
89 -78.69783 0.525 0.935 0.913 -44.4723 -59.185 43.8677 -26.7753 0.811186 1
90 -73.99891 1.148 1.252 0.913 -36.5918 -90.4343 44.6545 -23.7857 1.26277 1
91 -62.55433 0.498 0.661 0.826 -30.7257 -45.2955 31.3037 -25.8999 0.497717 1
92 -77.81468 0.181 0.779 1.000 -38.4809 -109.678 43.3772 -21.7359 0.923838 1
93 -67.64888 0.535 0.961 0.826 -33.6434 -45.5168 47.6418 -29.6663 1.27621 1
94 -74.31965 0.340 0.959 0.957 -38.8243 -71.5375 43.6545 -25.5533 1.15898 1
95 -67.92179 0.844 0.972 0.913 -35.4593 -50.8623 46.9907 -26.9891 1.13695 1
96 -71.42856 0.267 0.543 0.913 -36.7939 -76.8224 40.0232 -23.2725 0.620205 1
97 -77.89608 0.683 1.009 0.957 -42.1634 -72.1821 45.9264 -25.8889 1.0697 1
98 -71.62518 0.507 0.527 0.957 -37.507 -81.5756 42.9774 -22.1008 0.53869 1
99 -69.88964 0.720 1.415 0.826 -35.389 -75.1649 42.4764 -23.7153 1.44787 1
100 -71.71274 0.655 1.171 0.957 -37.4931 -70.6243 44.0072 -24.4955 1.15904 1
101 -76.01917 0.170 0.510 1.000 -36.3296 -89.7058 42.3389 -25.9823 0.593858 1
102 -71.93454 0.738 1.114 0.870 -35.6073 -73.0623 41.0292 -25.8177 1.12822 1
103 -59.50429 0.585 0.807 0.652 -27.2781 -31.7945 39.6081 -29.8281 0.724273 1
104 -70.518546 0.510 0.846 0.870 -33.0163 -80.7531 5.49774 -21.9014 0.776261 1
105 -65.68202 0.687 0.763 0.783 -33.3092 -38.5723 41.3584 -28.7942 0.644442 1
106 -64.629256 0.641 0.867 0.696 -27.884 -61.5674 2.18824 -24.6506 0.738987 1
107 -69.79707 0.432 0.670 0.870 -33.8076 -53.3666 37.3685 -29.053 0.792884 1
108 -70.86302 0.725 1.326 0.913 -36.1064 -47.653 43.3408 -29.5601 1.46637 1
109 -65.43528 0.336 0.742 0.870 -32.3618 -74.1669 41.871 -22.4272 0.681142 1
110 -62.24981 0.656 0.727 0.783 -30.2338 -38.0117 35.6863 -27.9823 0.582488 1
111 -75.88292 0.150 0.972 0.913 -39.966 -82.3983 38.1194 -23.2492 0.965969 1
112 -71.90155 0.426 1.132 0.913 -36.837 -68.0912 46.0159 -26.0479 1.28015 1
113 -67.8194 0.172 0.608 0.826 -33.8107 -49.7384 37.0538 -27.7664 0.647855 1
114 -75.37929 0.818 1.278 0.870 -37.1688 -75.4594 40.0989 -27.1285 1.29394 1
115 -71.12492 0.310 0.782 0.957 -38.2212 -64.5316 44.173 -24.4147 0.893873 1
116 -67.20267 0.501 0.957 0.913 -34.1683 -54.7859 41.5051 -26.2277 0.961583 1
117 -70.88609 0.572 1.097 0.913 -39.3595 -56.434 44.8871 -24.7285 1.09158 1
118 -66.97298 0.223 0.771 0.783 -32.5979 -64.6065 44.0992 -25.8637 0.868733 1
119 -65.56734 0.768 1.469 0.783 -29.5014 -77.7024 37.9214 -24.3176 0.998334 1
120 -70.40516 0.925 1.539 0.826 -36.4851 -62.9092 45.4068 -25.8789 1.36173 1
121 -71.90068 0.704 1.139 0.913 -36.7733 -63.4347 41.6766 -26.6081 1.14724 1
122 -77.05738 0.669 1.156 0.957 -41.0175 -67.1353 38.5168 -26.4645 1.15917 1
123 -65.30554 0.407 1.066 0.870 -33.8322 -54.6669 41.0254 -24.6425 1.25415 1
124 -70.27587 0.729 0.796 0.957 -35.4123 -60.3854 44.2331 -27.2098 0.756617 1
125 -70.12146 0.827 1.115 0.957 -37.3064 -69.3447 42.0728 -23.1534 1.24793 1
126 -64.56857 0.289 0.764 0.783 -30.3488 -48.9143 41.0259 -28.5395 0.857625 1
127 -79.56826 0.371 0.502 0.913 -41.2946 -76.9202 40.7458 -26.9642 0.558986 1
128 -68.92056 0.150 0.672 0.957 -35.3657 -59.032 44.9574 -26.2442 0.72416 1
129 -70.45722 0.826 1.061 0.870 -35.9083 -65.5617 43.8002 -25.8166 1.06063 1
130 -57.79846 0.767 0.944 0.870 -30.8233 -44.3423 40.141 -22.1208 0.909564 1
131 -77.58612 0.366 0.657 0.957 -39.9557 -91.3287 44.3452 -23.7992 0.844162 1
132 -69.99069 1.146 1.278 0.913 -35.0076 -69.9032 44.1895 -25.4214 1.46593 1
133 -69.30188 0.201 0.613 1.000 -34.9986 -69.9902 39.4446 -24.2497 0.630248 1
134 -72.97615 1.090 1.581 0.913 -38.4248 -62.7431 45.9937 -26.6021 1.57334 1
135 -63.18139 0.609 0.777 0.870 -29.0371 -88.7226 33.6893 -19.7687 0.768859 1
136 -65.73821 0.488 0.993 0.913 -31.6575 -71.0349 38.1757 -23.6913 1.02525 1
137 -69.00226 0.384 0.747 0.913 -34.3925 -60.3333 41.839 -26.727 0.784531 1
138 -66.39758 0.600 0.792 0.870 -32.8375 -46.2097 33.3866 -27.6568 0.649005 1
139 -70.11116 0.430 0.848 0.783 -35.8865 -62.9497 42.6608 -25.9008 1.0497 1
140 -58.81765 0.949 0.821 0.870 -30.2316 -50.2973 40.8651 -22.6131 0.535244 1
141 -70.44577 0.237 0.736 0.870 -34.0956 -63.1607 41.3437 -27.8524 0.962161 1
142 -71.70705 0.843 1.409 0.957 -34.8639 -85.5473 43.0491 -24.0386 1.49624 1
143 -65.17755 0.444 0.883 0.826 -35.4105 -37.4839 40.9943 -26.3697 0.95423 1
144 -64.0309 0.209 0.805 0.826 -32.6198 -42.2867 33.3554 -26.2893 0.909394 1
145 -74.16056 0.605 0.869 0.957 -36.9476 -77.5215 44.5624 -26.1649 1.04828 1
146 -67.55011 0.180 1.122 0.609 -33.0135 -29.472 7.7109 -29.4133 0.737034 1
147 -61.07911 0.684 0.965 0.826 -29.7784 -74.6264 41.4427 -20.5197 0.924662 1
148 -74.46091 0.584 0.848 0.913 -36.6174 -68.9232 38.3193 -27.8908 0.912741 1
149 -73.60843 0.734 0.904 0.870 -34.4149 -88.8634 42.3725 -25.6581 0.637446 1
150 -67.0035 0.279 0.775 0.957 -33.8797 -76.0836 44.2862 -22.3357 0.879996 1
151 -75.66606 0.288 0.558 0.957 -39.2731 -61.0036 42.9776 -28.49 0.693447 1
152 -80.47789 0.208 0.559 0.957 -36.1659 -124.81 37.3921 -23.0892 0.59048 1
153 -70.78927 0.329 0.855 1.000 -34.6202 -93.4582 39.9447 -21.4719 0.797059 1
154 -58.46483 0.501 0.707 0.696 -29.2744 -37.4317 39.2601 -25.6301 0.821014 1
155 -60.92163 0.864 1.061 0.739 -34.3749 -32.7237 42.0591 -24.2079 0.684892 1
156 -65.95626 0.449 0.851 0.783 -32.2085 -54.8224 46.2852 -27.4118 0.923469 1
157 -59.96352 0.770 1.159 0.739 -29.2025 -75.3739 42.6096 -19.9472 1.07739 1
158 -71.51656 0.633 1.075 0.870 -34.0845 -77.6515 43.1454 -26.2163 1.1255 1
159 -72.85393 0.725 1.097 0.870 -32.7292 -107.496 41.8477 -22.8103 0.875367 1
160 -73.61249 0.433 0.960 1.000 -34.7542 -91.1344 39.7149 -24.6029 0.95774 1
161 -74.77728 0.445 0.660 0.913 -37.8402 -70.0767 37.8616 -26.7079 0.545966 1
162 -77.63036 0.785 1.332 0.957 -40.448 -77.6376 45.0176 -26.1566 1.30705 1
163 -69.448 0.321 0.726 1.000 -34.6703 -69.4969 42.6118 -25.1395 0.795144 1
164 -69.76879 0.903 0.943 0.957 -35.3056 -70.0561 42.2763 -24.6796 0.860452 1
165 -74.41192 0.360 1.071 0.957 -37.8419 -81.7801 38.559 -24.0699 1.03284 1
166 -64.5213 0.435 0.479 0.826 -32.96 -44.9256 37.4642 -26.3226 0.413489 1
167 -73.94874 0.594 1.009 0.739 -36.4284 -49.7491 41.6388 -31.7344 0.980395 1
168 -70.94903 0.318 0.783 0.913 -39.1001 -57.2324 41.9235 -24.5948 0.75054 1
169 -65.75339 0.302 0.566 0.957 -32.0909 -80.9411 38.8523 -21.3595 0.420216 1
170 -79.62489 0.620 0.910 0.870 -41.7019 -88.9365 43.6991 -24.5056 1.00358 1
171 -74.82091 0.818 1.020 0.957 -33.8553 -111.131 42.6799 -23.0074 0.938541 1
172 -71.57689 0.555 0.778 0.913 -35.6417 -63.6876 44.2723 -27.6249 0.863516 1
173 -71.32784 0.671 1.211 0.870 -35.8099 -73.8759 42.7204 -25.0148 0.952689 1
174 -71.22904 0.338 0.520 0.957 -34.0636 -84.2887 40.36 -24.3437 0.648865 1
175 -63.05061 0.580 1.220 0.652 -32.7696 -28.6735 44.9629 -29.0426 1.20904 1
176 -66.30829 0.119 0.446 0.913 -32.4808 -75.1813 39.7857 -22.7698 0.543372 1
177 -73.64218 0.298 0.676 0.913 -39.1721 -53.0257 42.7216 -28.1371 0.868602 1
178 -68.28631 0.698 1.337 0.783 -34.1661 -43.8649 44.5627 -29.8035 1.52015 1
179 -72.93324 0.148 0.473 0.870 -30.8732 -98.0127 37.051 -26.1626 0.469491 1
180 -64.12713 0.449 0.892 0.957 -32.4133 -72.6963 45.7273 -21.7473 0.946268 1
181 -69.8967 0.499 0.898 0.870 -36.9512 -70.5717 40.9764 -22.9288 0.995102 1
182 -72.96364 0.225 0.595 0.913 -34.3405 -93.8412 41.802 -24.0351 0.68537 1
183 -73.17363 0.343 0.730 0.957 -36.229 -85.4908 46.6893 -24.5154 0.949841 1
184 -68.57495 0.897 1.105 0.913 -35.6402 -61.3973 45.4881 -25.2041 1.21593 1
185 -70.38578 0.603 1.122 0.870 -34.5775 -81.8414 43.197 -23.7597 1.20237 1
186 -73.48529 0.198 0.725 0.783 -37.6282 -68.562 44.1781 -26.5625 0.794744 1
187 -71.88589 0.509 0.991 0.957 -35.8751 -70.5446 45.6063 -26.4625 1.19247 1
188 -70.55426 0.914 1.439 0.826 -31.2423 -78.5003 40.977 -27.7096 1.31454 1
189 -64.69476 0.897 1.307 0.913 -31.1969 -74.466 46.3774 -23.2424 1.20908 1
190 -70.20989 0.866 1.014 0.826 -32.8699 -82.9802 44.6385 -25.2078 1.02728 1
191 -70.5925 0.578 1.112 0.826 -37.3064 -65.9159 46.5048 -24.7534 1.29543 1
192 -68.73165 0.273 0.582 0.957 -35.4264 -48.2951 42.5777 -27.904 0.776864 1
193 -67.11371 0.512 0.603 0.957 -35.6676 -66.2775 38.6569 -22.0563 0.548955 1
194 -68.64256 0.646 1.323 0.783 -35.3108 -52.2864 44.0062 -27.2751 1.42106 1
195 -57.58753 0.489 0.599 0.913 -32.8212 -39.7099 43.7625 -21.2006 0.673594 1
196 -75.07688 0.558 0.924 0.957 -37.3924 -85.1911 40.8114 -24.7274 0.954401 1
197 -73.32193 0.110 0.801 0.913 -35.2009 -85.4104 42.3785 -25.2768 0.914085 1
198 -58.38835 0.774 0.951 0.826 -26.5428 -86.9263 41.5671 -18.617 0.993951 1
199 -76.76936 0.859 1.259 0.826 -38.751 -76.1608 46.045 -27.3907 1.36858 1
200 -76.33118 0.457 0.958 0.957 -40.5236 -69.5882 46.7576 -26.5657 1.06082 1
