1 -88.06273 0.260 0.559 1.000 -38.384 -110.371 41.6187 -31.7664 0.462229 1
2 -78.13941 0.509 1.054 0.800 -34.9235 -74.4842 45.1003 -32.8291 1.15818 1
3 -80.903208 0.967 0.923 0.760 -28.1657 -103.435 4.61092 -32.5116 0.721454 1
4 -77.91141 0.240 0.804 0.880 -38.1036 -46.8343 43.0825 -34.7492 0.749923 1
5 -89.14762 0.336 0.956 1.000 -40.7374 -107.896 42.7248 -31.1035 0.85648 1
6 -94.26156 0.462 0.789 0.880 -44.1419 -78.9303 53.04 -39.6376 0.750304 1
7 -73.28886 0.471 1.225 0.800 -32.8475 -47.2061 39.6326 -34.9634 1.30969 1
8 -91.94437 0.909 1.188 0.880 -44.0708 -79.1774 45.9981 -36.6379 1.15078 1
9 -82.44124 0.809 0.981 0.800 -39.4506 -57.0525 38.5776 -35.4379 1.00053 1
10 -73.94819 0.112 1.073 0.720 -36.0592 -43.3267 35.0145 -32.7251 1.00933 1
11 -75.19117 0.524 0.841 0.680 -35.817 -34.5108 45.9999 -37.072 0.673726 1
12 -73.55798 0.499 1.164 0.800 -35.4218 -59.753 50.3222 -31.2178 1.11163 1
13 -78.80628 0.751 1.293 0.800 -37.9662 -39.5223 45.9708 -37.5327 1.09573 1
14 -76.50872 1.008 1.597 0.720 -35.5782 -51.104 48.5018 -35.5599 1.39502 1
15 -76.29885 0.290 0.952 0.800 -35.517 -63.7722 42.5339 -32.2808 0.956816 1
16 -75.57181 0.860 1.133 0.720 -37.8149 -21.3928 52.3975 -38.7181 1.10935 1
17 -76.26741 0.285 1.007 0.680 -29.153 -97.5072 35.9283 -31.2058 0.75281 1
18 -92.003904 1.021 1.151 0.920 -32.4168 -160.311 4.65896 -27.9908 1.07424 1
19 -90.4883 0.815 1.193 0.960 -44.064 -70.1862 43.7334 -36.7604 1.17929 1
20 -74.5139 0.265 1.208 0.760 -34.5438 -80.1554 46.0178 -28.5408 1.1862 1
21 -87.67894 0.127 0.942 0.840 -41.7137 -69.2076 43.1058 -36.4343 0.850136 1
22 -88.98471 0.505 0.592 0.760 -32.6454 -109.641 34.3479 -37.8459 0.571632 1
23 -79.07678 1.046 1.724 0.760 -38.3635 -40.2748 44.5218 -37.1105 1.65938 1
24 -95.72078 0.592 0.887 0.840 -44.8178 -78.6827 49.2876 -40.0952 0.812819 1
25 -74.59568 0.580 0.966 0.800 -34.2237 -28.8564 42.272 -38.8279 0.930207 1
26 -79.353401 0.349 0.950 0.720 -31.9517 -66.3101 3.24319 -34.464 1.04163 1
27 -88.71189 0.218 1.189 0.960 -43.1433 -76.0146 40.7503 -34.4407 1.1517 1
28 -76.43541 0.353 1.013 0.680 -34.7848 -60.7687 39.5643 -33.4533 0.992258 1
29 -80.35201 0.771 0.854 0.840 -37.5511 -55.3038 51.7575 -36.9159 0.864292 1
30 -89.017837 0.830 1.283 0.880 -33.4072 -135.43 2.54963 -28.7796 1.05854 1
31 -76.96501 0.236 0.848 0.840 -34.9994 -38.903 38.0049 -37.9855 0.839236 1
32 -72.7085 0.735 0.967 0.800 -31.0315 -60.3686 33.7062 -32.9739 0.921767 1
33 -86.40692 0.206 0.540 0.960 -38.603 -103.261 33.6698 -30.5187 0.343287 1
34 -80.1266 0.519 0.755 0.760 -32.6215 -93.2826 43.0392 -33.1525 0.736161 1
35 -72.49289 1.103 1.204 0.680 -34.1736 -35.4674 42.9979 -35.5256 1.20357 1
36 -72.77749 0.740 0.906 0.760 -32.3466 -42.3853 38.0087 -35.7547 0.88305 1
37 -81.35774 0.987 1.213 0.840 -35.7996 -85.513 47.7746 -33.233 1.18537 1
38 -88.82738 0.637 1.213 0.720 -44.1929 -34.1071 48.2034 -42.6334 1.09233 1
39 -99.24739 0.288 0.636 0.960 -42.3317 -142.6 31.0501 -31.5007 0.551167 1
40 -85.7986 1.012 1.261 0.760 -42.2237 -55.7594 45.8648 -37.0095 1.22194 1
41 -77.7361 0.644 0.860 0.760 -36.3068 -42.51 43.939 -37.3212 0.8387 1
42 -78.8102 0.836 1.676 0.640 -35.4983 -69.0668 46.1176 -34.1103 1.37481 1
43 -82.62824 0.812 1.177 0.800 -40.8617 -40.2804 46.1674 -38.3272 1.30216 1
44 -76.31714 0.267 0.991 0.800 -36.8556 -52.5241 43.3648 -33.2932 0.979417 1
45 -99.30076 0.000 0.000 1.000 -45.0473 -110.823 42.2624 -36.3151 0.00000 1
46 -79.72224 0.944 1.321 0.760 -39.4492 -29.425 48.4546 -39.2335 1.14751 1
47 -78.44596 0.762 0.857 0.760 -34.4287 -46.6985 36.1724 -38.2948 0.824067 1
48 -93.32629 0.313 0.725 0.960 -40.2325 -121.656 35.8141 -32.344 0.743296 1
49 -80.92673 0.234 1.184 0.840 -33.7991 -98.1716 30.3079 -30.5241 1.16747 1
50 -94.38791 0.120 0.678 0.960 -43.0539 -112.427 43.4689 -33.1955 0.698434 1
51 -85.07637 0.411 0.785 0.880 -40.54 -90.161 40.4973 -30.5539 0.70879 1
52 -88.82948 0.476 1.343 0.800 -40.9391 -100.805 44.2312 -32.1525 1.12416 1
53 -74.93634 0.338 0.914 0.760 -38.0798 -54.1969 36.8384 -29.701 0.860574 1
54 -81.41796 0.875 1.296 0.760 -38.8185 -57.9658 50.078 -36.0141 1.18841 1
55 -76.45726 0.438 1.139 0.680 -35.6265 -51.1182 47.9668 -35.4038 1.20157 1
56 -71.5771 0.510 1.273 0.800 -34.0256 -39.9487 42.6734 -33.8291 1.25444 1
57 -77.50003 0.930 1.094 0.640 -35.0035 -15.1925 44.5667 -43.9147 1.2567 1
58 -86.13033 0.590 0.878 0.880 -39.9845 -76.2211 38.0749 -34.7091 1.0522 1
59 -80.615113 0.536 0.780 0.840 -37.6914 -37.3147 4.67427 -35.9282 0.695396 1
60 -78.13593 0.224 1.307 0.680 -38.2977 -38.1942 40.3391 -36.2333 1.22406 1
61 -79.03657 0.056 0.613 0.800 -35.1544 -69.5705 44.9483 -34.4629 0.638825 1
62 -80.03165 0.723 0.933 0.800 -37.1401 -55.5793 42.8881 -36.0645 0.946919 1
63 -77.93565 0.246 0.756 0.800 -34.2065 -71.0092 44.3499 -33.9623 0.628905 1
64 -83.24231 0.634 0.705 0.840 -40.5615 -47.666 40.2539 -37.173 0.625729 1
65 -81.74845 0.490 0.792 0.800 -37.7571 -67.7355 34.6095 -33.9052 0.595889 1
66 -72.31832 0.995 2.032 0.720 -34.8536 -41.1556 51.175 -34.3511 1.835 1
67 -82.11772 0.748 1.094 0.800 -38.5027 -72.1513 47.1754 -33.9023 0.896035 1
68 -82.80954 0.188 1.121 0.720 -40.1777 -67.3027 41.9 -33.3613 0.978546 1
69 -73.97389 0.501 0.993 0.760 -34.818 -42.8906 44.9843 -35.0762 1.04403 1
70 -83.60191 0.456 1.207 0.760 -41.8036 -37.2542 47.9583 -39.1433 1.16143 1
71 -80.185035 0.722 1.059 0.680 -39.3626 -33.8321 1.82485 -34.2385 1.37883 1
72 -88.74879 0.923 1.301 0.840 -42.9946 -52.7748 52.8887 -40.4881 1.30594 1
73 -76.6574 0.636 1.663 0.600 -36.5121 -51.0569 47.2788 -34.6618 1.51905 1
74 -87.86787 0.432 0.769 0.800 -43.1215 -64.3925 48.4813 -36.716 0.801506 1
75 -69.74965 0.360 1.323 0.680 -34.1246 -39.6092 40.1109 -31.7143 1.25312 1
76 -80.09634 0.441 0.935 0.760 -36.4738 -61.3614 43.8844 -35.7387 0.831188 1
77 -77.97993 0.309 0.819 0.800 -32.5572 -66.7294 35.7535 -35.6522 0.75637 1
78 -72.34502 0.535 0.862 0.760 -32.6763 -40.6713 39.4074 -35.4752 1.01876 1
79 -89.48918 0.489 1.081 0.800 -40.3258 -63.1452 41.2796 -40.6623 0.846171 1
80 -79.33739 0.379 0.502 0.800 -36.8066 -37.3186 28.6703 -37.9341 0.272037 1
81 -76.81142 0.187 0.798 0.720 -32.3055 -46.0228 4.5214 -35.7535 0.925265 1
82 -81.49535 0.155 0.477 0.800 -33.3034 -97.1381 38.7017 -32.6345 0.720722 1
83 -75.54829 0.476 0.598 0.760 -34.1004 -49.2531 29.2813 -34.5254 0.40238 1
84 -75.72189 1.163 1.780 0.760 -34.9789 -37.3551 44.4663 -37.7186 1.68912 1
85 -77.03768 0.463 0.801 0.800 -36.9087 -37.438 39.8782 -36.6292 0.774927 1
86 -79.165898 0.107 0.629 0.760 -35.1687 -53.1824 5.81982 -33.9427 0.644619 1
87 -86.85157 0.632 0.883 0.800 -39.9422 -67.5684 48.3851 -38.2342 0.906645 1
88 -79.22157 0.333 0.511 0.880 -37.055 -59.3214 42.3291 -34.5352 0.704138 1
89 -78.05899 0.203 1.074 0.880 -37.554 -83.5315 44.6631 -28.265 1.04056 1
90 -67.66707 0.384 1.293 0.720 -28.6735 -42.2056 38.9275 -34.4452 1.33659 1
91 -82.26265 0.286 0.903 0.800 -39.9013 -56.3166 40.2667 -35.1247 0.826099 1
92 -83.04791 0.973 1.013 0.840 -39.3768 -51.0471 43.1431 -37.776 0.489588 1
93 -67.41098 0.405 1.227 0.600 -31.3888 -28.7722 42.7026 -34.538 1.21698 1
94 -73.33214 0.440 1.063 0.720 -36.0986 -55.6691 37.6768 -29.8674 0.944493 1
95 -94.47817 0.527 0.808 0.840 -47.697 -60.8068 47.1969 -39.3395 0.787478 1
96 -76.19113 0.836 1.129 0.760 -33.4199 -63.6111 38.9619 -33.9452 1.0492 1
97 -75.93987 0.619 1.483 0.640 -34.2762 -50.5183 36.0249 -35.1625 1.30255 1
98 -73.01105 0.779 1.204 0.760 -35.8976 -43.6004 48.1783 -33.2112 1.19339 1
99 -78.59531 0.839 1.497 0.720 -36.4491 -44.1859 45.6727 -37.8763 1.17218 1
100 -77.87525 0.324 0.636 0.720 -39.7886 -17.9889 34.9573 -37.9846 0.694746 1
101 -77.35321 0.959 1.622 0.800 -34.656 -70.28 49.6509 -33.6063 1.43212 1
102 -79.39696 0.934 1.647 0.720 -35.5419 -70.3698 44.417 -34.2228 1.47209 1
103 -93.37947 0.344 1.165 0.840 -39.0416 -135.868 44.3993 -31.6042 1.09989 1
104 -79.26809 0.789 1.343 0.720 -37.4902 -34.65 45.2681 -39.3747 1.25948 1
105 -87.36563 0.476 0.822 0.920 -34.9071 -125.421 38.8487 -31.2592 0.752928 1
106 -75.16584 0.299 1.171 0.840 -36.1263 -68.8003 46.7072 -29.9502 1.11069 1
107 -69.59976 0.974 1.539 0.680 -36.5103 -23.2869 48.0462 -33.2367 1.43964 1
108 -74.09186 1.026 1.743 0.760 -29.8238 -73.6861 46.7006 -34.2009 1.5771 1
109 -92.48303 0.159 0.477 0.880 -45.2215 -79.9785 44.4537 -35.7112 0.452232 1
110 -90.79718 0.346 0.752 0.840 -33.7444 -141.897 39.1032 -32.5837 0.773771 1
111 -87.00263 0.371 0.611 0.840 -39.9999 -68.4464 40.7365 -37.3871 0.606633 1
112 -82.84977 0.228 0.777 0.880 -37.9733 -82.4031 41.9605 -32.5919 0.837365 1
113 -83.50947 0.609 1.158 0.720 -34.6016 -91.1641 51.9205 -35.8671 1.11328 1
114 -74.22137 0.256 0.682 0.680 -38.1737 -23.986 37.7763 -35.0281 0.68903 1
115 -80.08821 0.375 0.703 0.840 -40.1008 -48.862 46.1459 -34.8296 0.692858 1
116 -69.92017 0.696 1.022 0.720 -30.5943 -35.2229 38.7941 -36.1607 1.12653 1
117 -80.81205 0.417 1.136 0.840 -39.7611 -75.0152 42.5239 -30.3003 1.03611 1
118 -68.02587 0.583 1.080 0.880 -32.9895 -33.6805 35.6853 -31.8688 1.01065 1
119 -84.82627 0.331 0.904 0.840 -40.0083 -54.0378 45.1959 -38.53 0.892033 1
120 -85.28811 0.321 1.080 0.760 -42.0194 -24.0663 47.9505 -43.2505 1.11871 1
121 -78.07709 0.875 1.095 0.840 -40.6911 -35.4975 48.2551 -35.112 1.17499 1
122 -81.47871 0.704 0.782 0.960 -40.0386 -52.7224 37.7597 -34.6716 0.532924 1
123 -89.57423 0.257 0.608 0.920 -38.5122 -99.1383 33.9263 -34.627 0.598272 1
124 -75.17679 1.057 1.482 0.760 -36.301 -39.5477 43.4305 -35.3093 1.31634 1
125 -73.76688 0.952 1.432 0.680 -35.7708 -17.3668 40.2848 -38.5512 1.40901 1
126 -86.65955 0.405 0.950 0.760 -40.3615 -46.8609 43.9743 -41.3233 0.865233 1
127 -82.67854 0.572 1.284 0.720 -33.5902 -107.47 53.2136 -32.9157 1.35725 1
128 -76.23569 0.356 0.854 0.720 -30.4361 -61.5285 40.6771 -37.5616 0.785702 1
129 -87.64225 0.826 1.312 0.840 -41.5158 -72.2216 46.1427 -36.2964 0.848813 1
130 -74.91213 0.324 0.640 0.680 -32.4991 -38.2591 39.6669 -38.7279 0.648892 1
131 -78.62468 0.184 0.767 0.680 -34.187 -57.4959 43.88 -37.3265 0.75094 1
132 -72.42056 0.992 1.595 0.680 -33.5747 -35.3004 50.4092 -36.8267 1.49398 1
133 -68.67665 0.525 0.981 0.640 -32.025 -19.8216 42.2247 -36.9098 1.06991 1
134 -79.78682 0.235 0.913 0.720 -35.4208 -53.1432 42.9122 -38.0286 0.938856 1
135 -78.15018 0.698 1.850 0.560 -35.463 -45.9462 40.0206 -37.5 1.54598 1
136 -76.84426 0.363 1.118 0.720 -34.5431 -68.1511 49.8456 -33.6555 1.12316 1
137 -75.17767 0.916 1.269 0.720 -32.4578 -64.8849 48.1121 -34.5541 1.31724 1
138 -85.43346 0.411 0.834 0.920 -35.2305 -117.115 32.6944 -30.0494 0.680019 1
139 -90.75412 0.637 0.963 0.840 -43.2818 -61.3724 42.9996 -39.4978 0.977977 1
140 -78.60278 0.108 0.678 0.840 -37.0011 -55.7629 41.003 -34.5494 0.639454 1
141 -79.33147 0.529 1.648 0.640 -36.0635 -48.9482 47.8387 -38.2622 1.42287 1
142 -77.74547 0.948 1.532 0.720 -38.8348 -18.4864 41.2531 -39.3387 1.55717 1
143 -76.99254 0.657 1.400 0.720 -36.2612 -30.7191 46.0808 -39.1956 1.13272 1
144 -84.73294 1.079 1.592 0.760 -41.7605 -45.0456 51.7538 -39.1387 1.62898 1
145 -82.60028 0.271 1.338 0.640 -35.766 -82.4816 48.3314 -35.1711 1.21209 1
146 -83.51318 0.572 0.792 0.920 -31.232 -121.686 31.7952 -31.1235 0.768052 1
147 -78.5861 0.807 0.930 0.840 -34.1414 -87.063 38.898 -30.9219 0.968251 1
148 -74.94112 0.628 0.903 0.680 -33.8073 -23.2326 46.226 -41.1099 0.922932 1
149 -92.58847 0.178 0.817 0.920 -40.7366 -121.02 47.3203 -32.3799 0.8689 1
150 -90.40773 0.290 0.545 0.960 -39.7978 -109.847 34.6507 -32.1056 0.453042 1
151 -81.77354 0.389 1.013 0.880 -37.4456 -98.3684 38.2244 -28.4767 1.04767 1
152 -81.36667 0.176 0.353 0.880 -42.0976 -37.0844 35.4251 -35.3947 0.526476 1
153 -87.90062 0.250 0.821 0.920 -30.9553 -161.016 35.3758 -28.2797 0.877047 1
154 -76.80413 0.987 1.180 0.800 -38.01 -29.9446 42.7299 -37.0782 1.24778 1
155 -80.6743 0.323 0.843 0.880 -39.9139 -59.0294 50.0768 -33.9622 0.74982 1
156 -79.88226 1.018 1.301 0.760 -37.7388 -36.693 39.7114 -38.776 1.2211 1
157 -80.86674 0.407 1.233 0.640 -35.6147 -72.6563 44.1672 -35.1375 1.22644 1
158 -84.02608 0.497 1.023 0.840 -39.187 -68.3302 41.1966 -35.2927 0.987766 1
159 -85.57123 0.816 1.246 0.800 -36.6886 -83.4323 51.0293 -37.2991 1.19689 1
160 -87.38625 0.172 0.545 0.920 -34.9746 -113.3 37.4135 -33.493 0.571014 1
161 -79.83194 0.668 1.216 0.840 -37.0363 -77.7224 45.3314 -31.7843 1.3429 1
162 -87.74769 0.134 0.459 0.840 -42.0811 -44.4491 41.3753 -40.9143 0.487834 1
163 -78.70534 0.347 0.768 0.800 -33.5056 -62.8922 31.024 -35.7237 0.63032 1
164 -74.41648 0.201 0.900 0.880 -33.7284 -69.6684 38.111 -30.5655 0.816053 1
165 -93.66073 0.358 0.358 0.960 -41.5559 -103.467 38.6307 -35.2745 0.352028 1
166 -79.35598 0.718 1.161 0.760 -37.2858 -39.5064 46.703 -38.8392 1.16136 1
167 -68.34469 0.718 1.117 0.760 -33.5215 -34.308 37.6251 -31.7241 1.10521 1
168 -85.89227 1.319 1.915 0.680 -37.5242 -77.8035 54.5663 -38.264 1.78495 1
169 -74.03964 0.456 1.114 0.720 -34.4533 -65.1147 42.153 -30.7787 1.01749 1
170 -70.66315 0.784 1.383 0.680 -30.2439 -26.7233 39.6831 -39.0429 1.06012 1
171 -79.72916 0.870 1.081 0.760 -33.1394 -52.7558 42.231 -40.2617 1.08906 1
172 -71.14173 0.914 1.310 0.680 -32.7575 -40.472 44.6647 -34.7563 1.36245 1
173 -79.39068 0.664 1.002 0.760 -33.6288 -59.6015 33.9462 -37.2362 1.14298 1
174 -87.24345 0.776 0.890 0.800 -37.2292 -105.475 47.6085 -33.6801 0.827822 1
175 -76.00319 0.285 0.979 0.800 -31.5736 -85.5129 42.7869 -31.6057 0.908038 1
176 -83.38045 0.754 0.954 0.800 -35.8249 -70.6941 44.7997 -37.8967 0.935924 1
177 -78.21707 1.221 1.777 0.720 -35.0663 -43.2913 42.4879 -38.7413 1.78472 1
178 -88.06894 0.710 1.326 0.840 -38.5055 -122.092 44.1396 -29.559 1.19209 1
179 -84.826226 0.215 0.798 0.720 -35.702 -51.0242 7.06814 -39.6262 0.7494 1
180 -90.47979 0.847 1.228 0.760 -40.319 -60.9641 45.6983 -42.5378 1.26786 1
181 -90.10887 0.221 0.430 0.800 -45.9259 -42.0638 38.2759 -39.5978 0.53019 1
182 -84.8001 0.276 0.754 0.880 -34.1786 -108.084 34.646 -32.4693 0.845221 1
183 -91.75427 0.935 1.177 0.880 -33.2059 -148.921 37.4753 -32.5117 0.803288 1
184 -88.25831 0.653 1.208 0.840 -40.5518 -55.6337 49.2363 -41.5034 1.14645 1
185 -86.50012 0.391 0.877 0.840 -36.29 -90.3601 6.449 -32.783 0.83251 1
186 -86.94693 0.266 0.459 1.000 -35.3577 -116.582 35.1877 -31.7916 0.316683 1
187 -75.61588 0.642 1.130 0.720 -31.0064 -58.3943 41.6758 -37.0982 1.08992 1
188 -84.9056 0.176 0.410 0.840 -41.7142 -40.0848 34.9936 -38.6738 0.433955 1
189 -76.9166 0.344 1.049 0.760 -35.6124 -55.2369 37.3908 -33.9959 0.961884 1
190 -85.95871 0.226 0.615 0.960 -41.672 -83.7596 39.9311 -31.5279 0.561275 1
191 -86.05078 0.998 1.367 0.800 -39.3889 -89.498 54.7952 -34.2418 1.04927 1
192 -87.22897 0.739 1.080 0.800 -43.4612 -47.0134 48.9471 -39.2598 0.883276 1
193 -76.05038 0.704 1.160 0.760 -36.2007 -72.8995 42.9562 -29.5654 1.00079 1
194 -76.0772 0.600 0.829 0.760 -34.5034 -41.72 34.411 -36.6709 0.891268 1
195 -75.98945 0.652 1.175 0.680 -36.5666 -44.3006 50.3037 -35.5931 1.13991 1
196 -87.55087 0.152 0.710 0.920 -42.1901 -76.6415 41.3163 -34.1641 0.703248 1
197 -80.07387 0.836 1.297 0.760 -38.1064 -34.4811 43.8725 -39.4585 1.23638 1
198 -72.87288 0.830 1.364 0.680 -34.0119 -9.08525 35.7077 -40.6147 1.24958 1
199 -78.73905 0.441 1.013 0.760 -38.8076 -29.4057 46.8409 -38.7344 0.851477 1
200 -77.12554 0.322 0.884 0.720 -35.7607 -40.8201 37.7848 -36.9793 0.88638 1
